p 8 
[1,0,-8] [2,3,7] 0
[4,3,-12] [2,0,-6] [4,0,4] 0
[3,1,11] [2,1,99] 0
[5,1,-9] 0
[4,2,7] [2,0,13] 0
[6,2,-4] [3,0,8] 0
[0,1,9] [2,1,12] [7,3,-31] 0
[0,3,-3] [3,1,-4] 0
[1,3,-11] 0
[2,3,-9] [3,0,3] 0
[4,3,-2] [3,2,7] 0
[0,1,12] [5,3,-20] [4,1,-8] 0
[0,4,-1] 0
[1,4,-9] 0
[1,2,3] [2,4,-7] [2,1,1] 0
[3,2,-5] [3,4,2] 0
[6,4,-11] [4,1,9] 0
[0,3,-8] [7,4,-29] 0
[0,5,17] 0
[4,2,7] [2,0,2] [4,2,12] 0
[3,1,-4] [6,2,-4] 0
[4,3,-12] [7,3,-31] [4,0,4] 0
[0,3,-3] [2,1,99] 0
[1,3,-11] 0
[4,2,2] [2,3,-9] 0
[0,5,5] [4,3,-2] 0
[0,1,9] [2,1,12] [5,3,-20] 0
[3,1,3] [0,4,-1] 0
[1,4,-9] 0
[2,4,-7] [3,0,3] 0